0.168021
0.007685
0.151959
0.289447
0.213076
0.340459
0.257274
0.274611
0.090941
0.183103
1.350181
-0.117927
-0.229504
-0.158530
-0.179138
-0.398863
-0.363636
-0.399665
-0.235843
-0.232866
0.036429
0.182883
0.094136
0.280171
0.330489
0.411683
0.311505
0.373529
0.248026
0.129743
-0.000947
-0.173697
-0.165506
-0.277504
3.690712
3.704181
3.598634
4.025353
3.758698
3.807190
4.027254
3.977500
2.244718
2.108200
2.204236
2.204470
2.397108
2.196718
1.998981
2.114751
-0.093293
1.787517
1.815723
1.815122
1.660574
1.729803
1.601310
1.771817
2.002900
2.136801
5.057993
1.947763
2.144285
2.400279
2.353522
2.320335
2.394299
2.326258
2.143333
2.157799
2.020927
1.937146
2.912867
2.837961
2.752146
2.714651
2.731900
2.692720
2.803721
2.987085
3.185902
2.964930
3.163081
3.281793
3.486635
3.400234
3.233909
3.292886
3.287709
3.085295
3.108780
2.857132
2.820649
2.677380
2.707308
2.625124
2.914035
2.895660
2.792171
2.853244
