-0.014736604623372916
0.09846997801853621
0.18061078450239856
0.24807391808515314
0.2985210927995615
0.30386467609702594
0.29625414189249866
0.24404527697348186
0.18724656973417347
0.09311155199218796
1.5088327757808135
-0.09436155091903245
-0.17594295692799658
-0.25074089409439654
-0.2803671378977789
-0.3138791939352339
-0.2858818404042896
-0.2419180294048938
-0.17496274937365355
-0.09446255929196531
3.0093181946405414
3.1090787858333435
3.1678212311803264
3.237629018484582
3.285892748456285
3.3019946020708932
3.288988893362619
3.241188956642576
3.1668253256003838
3.083694673834816
2.989459976749543
1.9097935824625156
1.8351550015072546
1.7571556398969297
1.702017100156885
1.7064066443076282
1.699035103827829
1.7584618474383111
1.829973639848783
1.8965877158587316
1.9987229107278857
2.0975250354555595
2.180646237395746
4.240259529949373
4.2827864239392435
4.301851431801717
4.273569083018139
4.255546819429187
4.171103946063471
4.093499218472956
1.9930069624445779
3.894828072510352
3.8012716304685026
3.75388013511131
3.7160564073045195
3.690289039586994
3.729657134078602
3.764204206899097
3.8226986840135826
3.9093991048370653
7.008420756263104
4.105621116052566
4.183349837427454
4.253585947717457
4.300939425912326
4.3017002132526665
4.292402436887926
4.216298103766553
4.172412258994104
4.080614105081466
4.004173696736517
3.9171911958656667
3.8259491180754637
3.7581848467906536
3.704215824741604
3.7132838256836154
3.7159885741385006
3.733962348175057
3.8235633444940293
3.912346348926022
4.019095373188912
4.100895388686961
4.169371471991132
4.251595767972886
4.279850150246917
4.3179147801496605
4.288909220752514
4.245112444035189
4.183459919154887
4.112547723433521
4.003765221656493
3.9185838066864727
3.828651879573207
3.7391866147030255
3.7066715960091314
3.6871676396221225
3.717696171401438
3.7562355088737625
3.8242731246130344
3.9045806470764433
